name: dql
channels:
- pytorch
- meznom
- conda-forge
- anaconda
- defaults
dependencies:
- boost=1.67.0=py27_4
- bzip2=1.0.6=h1de35cc_5
- icu=58.2=h4b95b61_1
- libboost=1.67.0=hebc422b_4
- py-boost=1.67.0=py27h6440ff4_4
- cairo=1.16.0=h9247486_1000
- docutils=0.14=py27_1001
- ffmpeg=4.1.1=h5c2b479_0
- fontconfig=2.13.1=h1027ab8_1000
- freetype=2.10.0=h24853df_0
- gettext=0.19.8.1=h46ab8bc_1002
- giflib=5.1.7=h01d97ff_1
- glib=2.58.3=h2836805_1001
- gmp=6.1.2=h0a44026_1000
- gnutls=3.6.5=h53004b3_1002
- graphite2=1.3.13=h2098e52_1000
- gst-plugins-base=1.14.4=h887ad82_1001
- gstreamer=1.14.4=hf30d1d3_1001
- harfbuzz=2.4.0=h92b87b8_0
- hdf5=1.10.4=nompi_h0cbb7df_1106
- jasper=1.900.1=h636a363_1006
- jpeg=9c=h1de35cc_1001
- kivy=1.10.1=py27h8552676_1
- lame=3.100=h1de35cc_1001
- libblas=3.8.0=7_openblas
- libcblas=3.8.0=7_openblas
- libiconv=1.15=h01d97ff_1005
- liblapack=3.8.0=7_openblas
- liblapacke=3.8.0=7_openblas
- libpng=1.6.36=ha441bb4_1000
- libtiff=4.0.10=h79f4b77_1001
- libwebp=1.0.2=h14d73da_2
- libxml2=2.9.9=hd80cff7_0
- nettle=3.4.1=h3efe00b_1002
- olefile=0.46=py_0
- openblas=0.3.5=h436c29b_1001
- opencv=4.1.0=py27h0cb0d9f_1
- openh264=1.8.0=hd9629dc_1000
- pcre=8.41=h0a44026_1003
- pillow=5.3.0=py27hbddbef0_1000
- pixman=0.34.0=h1de35cc_1003
- pygments=2.3.1=py_0
- sdl2=2.0.8=h0a44026_1001
- sdl2_image=2.0.4=hacdbef4_0
- sdl2_mixer=2.0.1=hfc679d8_1
- sdl2_ttf=2.0.15=hc42bb53_0
- smpeg2=2.0.0=hfc679d8_1
- x264=1!152.20180806=h1de35cc_0
- xz=5.2.4=h1de35cc_1001
- blas=1.0=mkl
- certifi=2019.3.9=py27_0
- cffi=1.12.2=py27hb5b8e2f_1
- intel-openmp=2019.3=199
- libcxx=4.0.1=hcfea43d_1
- libcxxabi=4.0.1=hcfea43d_1
- libedit=3.1.20181209=hb402a30_0
- libffi=3.2.1=h475c297_4
- libgfortran=3.0.1=h93005f0_2
- mkl=2019.3=199
- mkl_fft=1.0.10=py27h5e564d8_0
- mkl_random=1.0.2=py27h27c97d8_0
- ncurses=6.1=h0a44026_1
- ninja=1.9.0=py27h04f5b5a_0
- numpy=1.16.2=py27hacdab7b_0
- numpy-base=1.16.2=py27h6575580_0
- pip=19.0.3=py27_0
- pycparser=2.19=py27_0
- python=2.7.16=h97142e2_0
- readline=7.0=h1de35cc_5
- setuptools=41.0.0=py27_0
- six=1.12.0=py27_0
- sqlite=3.27.2=ha441bb4_0
- tk=8.6.8=ha441bb4_0
- wheel=0.33.1=py27_0
- zlib=1.2.11=h1de35cc_3
- boost-python=1.55.0=0
- pytorch=0.3.1=py27_cuda0.0_cudnn0.0_2
prefix: /Users/Keith/anaconda/envs/ai_assignment

